-0.268771 -0.963204 0.000000
0.854479 0.519486 0.000000
-0.225791 -0.974176 0.000000
-0.980063 0.198689 0.000000
0.697238 0.716840 0.000000
-0.704490 -0.709714 0.000000
0.648235 0.761441 0.000000
-0.932518 0.361123 0.000000
0.995537 -0.094375 0.000000
0.394132 -0.919054 0.000000
0.064649 0.997908 0.000000
0.415609 -0.909544 0.000000
0.993723 -0.111872 0.000000
0.822536 -0.568712 0.000000
0.982118 -0.188269 0.000000
-0.376884 0.926261 0.000000
0.966120 0.258093 0.000000
0.911402 0.411518 0.000000
0.789464 0.613797 0.000000
-0.400265 0.916400 0.000000
-0.434912 0.900473 0.000000
-0.997016 -0.077193 0.000000
-0.043582 -0.999050 0.000000
0.523759 -0.851866 0.000000
0.912397 0.409306 0.000000
-0.943147 0.332375 0.000000
-0.137925 0.990443 0.000000
0.624521 0.781008 0.000000
0.240071 0.970755 0.000000
0.954066 -0.299597 0.000000
0.764205 -0.644974 0.000000
-0.773145 0.634229 0.000000
-0.829044 0.559183 0.000000
0.993450 0.114264 0.000000
0.637892 0.770126 0.000000
